          homo/1-226         0 0.0738015 0.0625875 0.0625875  0.138846  0.185344   0.27362   0.25005   0.25005  0.283744  0.294668  0.303424  0.292037   0.25005   0.25005  0.344928  0.334664  0.378076  0.341188   0.55351  0.440883  0.664133  0.705446   0.67512   0.77852  0.684134  0.761917
       gorilla/1-226 0.0738015         0 0.0968085 0.0783045   0.13734   0.21582  0.292975   0.26982  0.269218  0.331603  0.346329  0.336812  0.323687  0.277403  0.283883  0.342698  0.324822  0.422704  0.377899  0.582386  0.452769  0.677851  0.744492  0.669119  0.782786  0.681806  0.767679
         chimp/1-226 0.0625875 0.0968085         0 0.0410783  0.139793  0.186775   0.25005   0.25005   0.25005  0.293951  0.304112  0.303731  0.301102   0.25005  0.239496  0.342796    0.3348  0.402059  0.358068  0.548358  0.417685  0.647813   0.70631  0.677308   0.78007  0.692176  0.747405
        bonono/1-226 0.0625875 0.0783045 0.0410783         0  0.102451  0.157578  0.264377   0.25005  0.234074  0.291372  0.294032  0.296683  0.285373  0.232634  0.227393  0.341954  0.332151  0.344768  0.324751  0.512022  0.395755  0.642641   0.69459  0.668376  0.745967  0.647237  0.728454
        gibbon/1-226  0.138846   0.13734  0.139793  0.102451         0  0.185819   0.25005  0.291285  0.282233  0.301522   0.32659  0.335026  0.337893  0.284042  0.277295  0.341237  0.337737   0.40302  0.362032  0.534442  0.412029  0.632707  0.680976  0.682861  0.740661  0.620834   0.76428
         pongo/1-226  0.185344   0.21582  0.186775  0.157578  0.185819         0  0.282629  0.340551  0.322734  0.370284  0.390024   0.37295  0.360348  0.343724  0.323095  0.367001  0.346484  0.368288    0.3372  0.539299  0.421431  0.601509   0.62374  0.626618  0.724853  0.680402  0.745465
       macaque/1-226   0.27362  0.292975   0.25005  0.264377   0.25005  0.282629         0  0.395325  0.375857   0.45126  0.477512  0.457833  0.415587  0.410536  0.369051  0.423669  0.410064  0.513552   0.47531  0.595626  0.448917   0.69683  0.739737  0.816946   0.75921  0.800688  0.871841
         sheep/1-226   0.25005   0.26982   0.25005   0.25005  0.291285  0.340551  0.395325         0  0.143201   0.25005   0.26092  0.218019  0.175309  0.149277  0.145046  0.264917  0.266418  0.320933   0.32057  0.510882  0.407572  0.638235  0.643307  0.670779  0.808468  0.701233  0.680042
         hippo/1-226   0.25005  0.269218   0.25005  0.234074  0.282233  0.322734  0.375857  0.143201         0  0.220343  0.230662  0.153618  0.168653  0.152375  0.136345   0.25005  0.238274  0.304775  0.276335  0.534692  0.409851  0.668358  0.650715  0.678558  0.784349  0.674483  0.692608
         mouse/1-226  0.283744  0.331603  0.293951  0.291372  0.301522  0.370284   0.45126   0.25005  0.220343         0   0.05566  0.202598   0.19302  0.196536  0.150912  0.290454  0.301954  0.370677  0.343738  0.579136  0.466294  0.647063  0.705644  0.666976  0.809968  0.680251   0.77888
           rat/1-226  0.294668  0.346329  0.304112  0.294032   0.32659  0.390024  0.477512   0.26092  0.230662   0.05566         0  0.190183  0.223247  0.224384  0.211132  0.344846  0.362487  0.385427  0.385136  0.597733     0.495  0.679659  0.732182  0.711417  0.837308  0.709975  0.793782
         nzbat/1-226  0.303424  0.336812  0.303731  0.296683  0.335026   0.37295  0.457833  0.218019  0.153618  0.202598  0.190183         0   0.25005  0.192644  0.190625  0.328974  0.302095  0.345166  0.301889  0.568169     0.495  0.653267  0.686655  0.710242  0.829091  0.711419  0.744206
          jbat/1-226  0.292037  0.323687  0.301102  0.285373  0.337893  0.360348  0.415587  0.175309  0.168653   0.19302  0.223247   0.25005         0  0.154239  0.151568  0.279936  0.276858  0.372326  0.325599  0.512018  0.475725  0.657509  0.686936  0.700738  0.798023  0.744414  0.765137
           dog/1-226   0.25005  0.277403   0.25005  0.232634  0.284042  0.343724  0.410536  0.149277  0.152375  0.196536  0.224384  0.192644  0.154239         0  0.125075  0.263376  0.261798  0.343473   0.34042   0.49293  0.459547  0.620788  0.651385  0.685095   0.79036  0.708747  0.732911
         horse/1-226   0.25005  0.283883  0.239496  0.227393  0.277295  0.323095  0.369051  0.145046  0.136345  0.150912  0.211132  0.190625  0.151568  0.125075         0  0.204345  0.229419  0.339417  0.322686  0.481083  0.413802   0.63924  0.672514  0.687837  0.767414  0.699996   0.68591
        bwhale/1-226  0.344928  0.342698  0.342796  0.341954  0.341237  0.367001  0.423669  0.264917   0.25005  0.290454  0.344846  0.328974  0.279936  0.263376  0.204345         0 0.0553572  0.431796  0.382287  0.538051  0.473931  0.706893  0.724528  0.654348  0.754982  0.748748  0.762417
        fwhale/1-226  0.334664  0.324822    0.3348  0.332151  0.337737  0.346484  0.410064  0.266418  0.238274  0.301954  0.362487  0.302095  0.276858  0.261798  0.229419 0.0553572         0  0.438977   0.37765  0.558118  0.474928  0.718646  0.709553   0.66775  0.775631  0.774051  0.790799
     marsupial/1-226  0.378076  0.422704  0.402059  0.344768   0.40302  0.368288  0.513552  0.320933  0.304775  0.370677  0.385427  0.345166  0.372326  0.343473  0.339417  0.431796  0.438977         0  0.102451  0.595315  0.527027  0.613888  0.591789   0.60835  0.715894  0.650122   0.68022
       opossum/1-226  0.341188  0.377899  0.358068  0.324751  0.362032    0.3372   0.47531   0.32057  0.276335  0.343738  0.385136  0.301889  0.325599   0.34042  0.322686  0.382287   0.37765  0.102451         0  0.582164  0.526104  0.619715   0.56556  0.616542   0.70414  0.645983  0.661645
      elephant/1-230   0.55351  0.582386  0.548358  0.512022  0.534442  0.539299  0.595626  0.510882  0.534692  0.579136  0.597733  0.568169  0.512018   0.49293  0.481083  0.538051  0.558118  0.595315  0.582164         0  0.652143  0.722695  0.802194  0.782908  0.838024  0.871059  0.975715
        monkey/1-226  0.440883  0.452769  0.417685  0.395755  0.412029  0.421431  0.448917  0.407572  0.409851  0.466294     0.495     0.495  0.475725  0.459547  0.413802  0.473931  0.474928  0.527027  0.526104  0.652143         0  0.766025  0.777113  0.737799  0.820082  0.709234  0.755398
        falcon/1-227  0.664133  0.677851  0.647813  0.642641  0.632707  0.601509   0.69683  0.638235  0.668358  0.647063  0.679659  0.653267  0.657509  0.620788   0.63924  0.706893  0.718646  0.613888  0.619715  0.722695  0.766025         0  0.157714  0.371255       0.5  0.431898  0.464752
         buteo/1-227  0.705446  0.744492   0.70631   0.69459  0.680976   0.62374  0.739737  0.643307  0.650715  0.705644  0.732182  0.686655  0.686936  0.651385  0.672514  0.724528  0.709553  0.591789   0.56556  0.802194  0.777113  0.157714         0  0.326191  0.481998  0.395332  0.436809
        turtle/1-227   0.67512  0.669119  0.677308  0.668376  0.682861  0.626618  0.816946  0.670779  0.678558  0.666976  0.711417  0.710242  0.700738  0.685095  0.687837  0.654348   0.66775   0.60835  0.616542  0.782908  0.737799  0.371255  0.326191         0  0.470511  0.451024  0.535346
     alligator/1-225   0.77852  0.782786   0.78007  0.745967  0.740661  0.724853   0.75921  0.808468  0.784349  0.809968  0.837308  0.829091  0.798023   0.79036  0.767414  0.754982  0.775631  0.715894   0.70414  0.838024  0.820082       0.5  0.481998  0.470511         0  0.616843  0.643341
    salamander/1-227  0.684134  0.681806  0.692176  0.647237  0.620834  0.680402  0.800688  0.701233  0.674483  0.680251  0.709975  0.711419  0.744414  0.708747  0.699996  0.748748  0.774051  0.650122  0.645983  0.871059  0.709234  0.431898  0.395332  0.451024  0.616843         0  0.438723
          frog/1-226  0.761917  0.767679  0.747405  0.728454   0.76428  0.745465  0.871841  0.680042  0.692608   0.77888  0.793782  0.744206  0.765137  0.732911   0.68591  0.762417  0.790799   0.68022  0.661645  0.975715  0.755398  0.464752  0.436809  0.535346  0.643341  0.438723         0
